444476
444477
444478
444479
444480
444481
444482
444483
444484
444485
444486
444487
444488
444489
444490
444491
444492
444493
444494
444495
444496
444497
444498
444499
444500
444501
444502
444503
444504
444505
444506
444507
444508
444509
444510
444511
444512
444513
444514
444515
444516
444517
444518
444519
444520
444521
444522
444523
444524
444525
444526
444527
444528
444529
444530
444531
444532
444533
444534
444535
444536
444537
444538
444539
444540
444541
444542
444543
444544
444545
444546
444547
444548
444549
444550
444551
444552
444553
444554
444555
444556
444557
444558
444559
444560
444561
444562
444563
444564
444565
444566
444567
444568
444569
444570
444571
444572
444573
444574
444575
